2000 4
57
191
187
68
67
110
205
42
181
280
146
42
265
238
261
56
299
188
228
117
76
61
214
181
173
293
91
165
130
32
243
114
189
181
124
108
61
74
191
35
127
49
174
131
293
255
163
69
100
206
82
196
273
48
55
116
263
119
181
218
80
57
122
264
68
265
119
245
34
95
163
293
38
116
155
278
151
56
141
97
102
63
298
71
278
251
62
232
35
262
44
80
299
291
141
181
243
196
288
103
51
166
214
114
60
32
58
136
242
200
205
41
57
296
54
152
120
160
218
98
233
100
117
287
178
292
143
103
98
84
278
273
41
91
168
220
94
44
295
80
124
179
91
208
286
80
75
131
248
241
217
157
114
34
69
295
286
143
149
119
295
146
107
255
284
124
78
270
204
85
277
182
38
34
248
263
260
249
240
237
108
58
173
120
51
110
53
81
165
264
272
257
119
205
294
147
134
228
263
118
196
139
72
184
281
164
213
249
268
149
277
221
171
225
71
229
42
243
293
221
268
125
131
229
234
159
42
140
38
36
144
176
129
225
82
235
208
174
231
95
32
61
275
42
164
237
233
99
106
50
108
266
235
91
252
38
231
114
95
275
213
217
38
66
89
184
164
211
178
108
178
97
48
162
73
146
100
108
215
125
85
32
95
269
138
224
190
133
142
238
81
243
36
244
167
44
46
288
213
147
92
287
136
135
200
183
86
50
275
198
210
71
163
235
164
249
42
52
235
60
277
204
202
277
99
213
102
233
113
223
225
292
244
39
202
99
157
282
39
176
214
134
239
188
39
245
289
217
279
30
51
231
165
142
273
184
277
182
119
213
154
60
37
110
125
250
296
107
198
69
297
231
67
30
119
72
292
297
178
213
208
295
222
60
297
97
149
145
258
53
176
54
183
144
215
284
66
116
193
165
210
102
48
279
265
165
104
280
45
113
121
36
220
133
190
182
100
281
158
166
289
212
116
180
51
196
181
276
51
34
286
52
124
245
51
56
198
85
50
45
180
58
81
39
197
111
263
98
246
294
83
90
191
274
159
282
187
112
230
122
82
278
57
94
237
291
184
118
168
279
105
126
197
44
264
277
32
239
152
211
204
252
112
252
299
167
204
233
103
51
86
209
59
281
54
155
89
252
166
204
115
105
123
52
184
254
268
140
151
201
185
51
100
49
180
225
134
146
113
250
78
52
178
247
126
77
258
81
262
186
284
95
44
174
138
202
143
156
99
278
238
167
120
273
104
56
37
293
66
53
85
110
262
49
91
75
148
286
222
108
240
291
77
202
59
154
281
278
254
264
62
257
239
271
165
226
33
273
109
39
102
178
112
188
99
240
93
219
218
79
172
141
141
99
82
284
118
107
88
61
227
141
104
192
58
200
200
151
79
38
263
35
166
219
254
261
219
95
42
287
140
139
163
159
251
185
268
233
93
160
31
80
111
209
90
276
156
83
131
283
254
53
282
101
38
242
274
136
258
131
169
50
164
287
265
31
128
36
127
83
133
158
242
69
70
285
121
245
297
106
156
281
31
193
198
207
234
207
220
161
138
129
158
204
211
293
238
171
43
84
241
84
287
196
294
278
32
104
144
266
270
188
203
287
164
97
141
220
296
34
157
99
114
246
189
127
296
39
100
88
196
55
97
236
31
157
190
244
281
254
157
145
72
258
32
163
289
244
77
228
69
177
186
229
145
185
167
298
32
197
182
89
175
288
216
234
279
253
154
146
243
88
180
282
215
288
211
271
71
110
55
163
31
281
262
300
155
259
241
267
176
146
213
249
111
220
281
215
82
176
261
300
164
35
37
188
254
156
183
203
190
212
40
55
237
235
133
241
125
49
225
260
231
261
127
106
33
144
111
73
279
122
152
275
80
249
211
54
199
84
191
236
287
278
241
195
171
66
257
256
51
106
31
43
87
184
81
169
109
134
113
106
124
178
127
219
188
123
143
30
115
99
258
292
185
86
107
90
253
44
36
36
97
57
225
183
165
60
262
195
216
145
36
218
80
250
64
47
126
251
121
283
107
134
249
113
153
116
248
105
256
196
268
233
138
270
96
69
219
298
61
34
32
198
300
296
261
157
246
84
206
80
98
123
60
138
243
98
288
30
71
184
66
261
145
131
151
97
44
112
194
258
110
196
261
193
294
203
281
101
200
39
192
50
254
235
164
81
110
289
133
212
224
36
214
271
164
136
239
222
123
88
215
181
206
139
143
48
184
204
197
295
203
120
121
243
263
89
158
202
175
134
74
280
226
127
204
248
275
49
32
33
63
38
97
74
143
52
142
264
47
276
123
245
209
228
56
67
116
65
208
141
194
274
77
196
95
248
35
162
288
32
217
43
221
134
122
246
179
276
54
136
35
242
42
238
131
93
142
66
282
260
40
228
42
179
53
120
250
290
43
239
287
34
261
85
157
159
271
55
253
91
101
125
286
83
194
76
155
38
180
296
231
133
229
99
246
80
142
217
159
32
124
141
174
65
166
63
37
178
153
149
283
144
86
136
152
104
184
83
208
75
217
180
112
173
252
259
191
104
35
170
201
130
48
109
204
280
211
146
90
103
224
239
219
246
221
87
65
113
124
133
195
51
55
236
172
66
41
286
133
261
154
167
112
253
164
287
91
211
69
148
114
255
249
57
113
207
113
257
277
254
271
207
68
192
158
126
74
97
87
160
93
286
136
219
154
278
149
88
286
82
221
205
50
205
176
121
285
268
254
95
300
109
165
230
58
207
284
251
265
283
160
103
96
182
264
117
51
209
90
115
176
202
89
109
52
247
198
88
133
240
236
256
38
76
192
40
35
181
242
44
173
50
216
175
179
220
134
207
135
300
66
74
72
256
112
168
236
182
110
200
55
79
65
262
222
170
266
184
81
286
68
220
230
124
289
211
136
149
243
217
140
33
154
106
65
86
159
97
161
33
35
267
173
291
154
98
108
201
112
117
52
295
101
249
123
165
78
199
300
204
299
31
133
60
195
216
151
66
193
169
262
290
159
292
47
114
86
286
232
154
144
34
184
149
215
88
119
105
269
262
224
143
149
259
216
272
152
156
294
62
286
196
256
71
140
263
100
258
35
255
268
121
215
150
292
73
63
119
59
69
201
117
151
37
91
168
105
108
211
56
155
168
166
218
177
248
221
131
263
263
177
292
101
172
36
66
108
119
232
136
158
214
204
236
81
141
205
66
102
191
38
240
154
276
227
58
218
241
55
291
59
69
81
172
279
190
217
259
232
213
188
30
189
87
160
130
228
293
36
70
56
105
279
167
98
85
47
163
177
171
66
122
196
150
202
289
238
299
72
108
71
72
163
250
60
204
250
139
153
272
182
247
244
261
202
71
77
297
75
142
220
58
63
217
121
130
85
115
253
149
101
191
64
152
67
92
175
275
127
288
276
30
225
39
182
294
83
159
269
188
286
263
125
51
219
149
130
51
138
210
125
192
74
299
188
39
87
78
69
131
39
270
148
251
190
278
173
277
94
225
155
299
224
109
67
242
83
237
89
273
247
142
100
95
55
80
164
160
224
197
47
129
74
81
290
202
78
63
115
122
236
144
39
118
73
240
102
146
295
132
55
34
273
41
59
219
63
44
213
277
201
40
86
149
207
50
233
279
283
263
299
119
124
208
146
126
247
273
150
262
174
238
72
198
72
237
190
248
86
223
126
56
67
95
82
126
123
59
82
217
184
191
246
106
245
108
191
94
198
144
147
90
56
214
242
244
214
136
119
159
65
59
91
59
234
182
223
111
247
264
137
159
40
276
37
42
200
105
101
194
94
200
259
156
50
179
222
170
242
203
178
56
32
255
162
264
140
275
43
264
45
85
53
205
257
212
74
187
135
136
100
112
85
120
142
193
119
95
230
145
286
270
105
280
67
81
211
136
298
151
114
43
41
139
170
98
39
296
128
90
127
298
200
254
152
193
280
290
249
115
196
299
66
229
50
222
209
180
116
220
263
206
161
40
187
202
197
101
102
97
70
197
150
142
100
77
170
182
231
147
85
125
173
205
94
63
100
68
107
297
284
128
155
216
178
138
57
61
91
150
252
264
207
172
126
82
129
123
297
249
45
104
71
208
225
63
38
89
246
268
286
172
261
186
291
103
289
38
70
223
121
264
293
60
62
230
229
134
62
182
226
226
111
289
295
107
223
285
241
299
33
221
44
220
145
249
197
278
73
182
152
263
159
226
194
55
108
105
223
75
289
118
125
119
188
233
111
73
115
54
214
166
209
243
154
109
101
121
196
62
75
158
236
209
174
169
127
283
165
54
180
144
92
126
275
47
120
42
195
200
209
85
199
139
191
273
206
237
56
167
287
162
49
39
64
126
40
186
71
86
176
250
181
122
201
231
75
153
43
218
175
182
147
261
264
275
52
74
189
269
291
251
211
270
102
87
105
169
233
261
147
180
42
90
214
254
171
68
244
117
223
276
58
61
119
139
288
190
107
210
267
137
237
261
71
299
159
81
184
177
107
267
219
70
195
230
57
45
81
277
180
157
89
266
45
142
78
62
