200 4
148
132
183
60
297
62
175
104
167
249
260
133
66
118
159
80
170
111
213
162
177
39
209
151
209
300
84
39
109
280
94
237
151
261
223
171
129
55
170
118
104
230
214
194
90
172
289
242
300
240
141
62
218
68
64
205
245
132
128
61
198
158
182
200
73
146
252
118
118
278
264
153
36
63
263
263
291
297
75
40
148
218
191
194
238
199
90
209
142
178
119
122
135
146
298
258
67
176
268
173
254
231
49
117
49
294
82
281
111
240
192
126
222
151
50
141
237
231
154
200
197
150
193
102
95
223
175
218
152
210
112
105
82
69
239
296
204
172
271
56
283
125
214
46
242
297
272
283
114
161
51
252
150
214
223
292
254
240
236
102
162
122
39
176
185
128
47
136
231
174
255
41
240
171
199
71
240
295
126
159
218
248
156
67
101
92
299
137
37
216
134
235
34
106
74
157
146
40
129
234
