2500 5
199
34
236
143
185
133
222
73
47
177
207
61
252
264
162
165
102
277
241
214
52
241
65
59
216
170
94
76
51
49
121
104
226
298
64
256
285
82
278
259
145
217
190
183
161
281
86
206
224
270
99
288
250
274
236
237
41
255
137
66
73
90
264
160
219
111
118
152
140
244
112
164
49
292
101
267
247
200
222
239
114
117
79
99
88
202
282
41
230
206
259
52
146
101
297
197
235
156
87
261
213
77
35
229
282
232
105
193
55
70
86
205
277
144
251
292
138
172
50
92
202
81
245
120
248
75
64
224
299
219
272
286
239
70
149
43
257
232
122
35
194
186
177
201
98
278
127
92
274
235
141
135
254
113
294
270
214
128
220
103
241
99
38
142
263
196
93
259
192
196
249
163
253
32
89
108
137
121
194
284
63
143
116
97
290
84
38
258
138
270
73
215
231
137
53
53
287
228
110
51
244
93
132
240
40
278
220
267
50
232
100
61
152
30
236
282
44
72
293
79
152
279
257
287
282
191
57
211
102
268
179
138
130
201
245
275
162
177
78
266
204
153
190
80
55
274
195
201
112
256
95
175
65
263
267
148
72
233
255
267
134
113
48
153
89
144
221
263
205
262
203
119
174
183
140
145
215
216
142
45
203
217
300
67
293
115
189
245
200
287
115
184
36
163
184
258
195
123
75
41
52
90
192
245
141
163
177
40
276
194
287
106
183
110
250
289
168
212
249
266
59
256
121
222
54
207
158
286
264
66
98
134
63
189
158
103
175
124
90
213
221
223
276
149
92
255
166
92
77
158
212
135
179
251
290
74
184
50
109
82
76
190
163
134
261
96
219
79
51
139
215
48
272
61
162
162
188
83
135
117
163
290
77
46
250
73
202
69
68
107
62
266
224
231
138
116
105
269
224
179
95
149
275
249
103
182
295
212
208
233
242
47
76
65
195
203
64
32
55
236
51
121
215
133
227
122
207
194
297
206
257
269
225
67
117
77
234
187
103
223
115
92
173
201
183
206
133
54
90
145
251
111
152
162
176
253
163
47
221
167
266
246
270
136
291
240
83
57
265
36
254
68
140
203
50
197
38
103
113
128
145
114
42
233
197
148
92
257
195
218
259
161
128
203
228
148
33
250
201
277
223
162
179
154
38
158
103
185
297
242
219
149
150
39
136
164
274
221
94
227
244
230
112
263
239
101
290
151
98
111
32
133
266
126
115
71
72
136
164
278
166
283
280
161
247
208
155
197
66
229
297
267
198
158
95
175
74
236
53
288
157
38
192
163
119
122
166
112
242
132
32
35
226
290
221
71
97
258
205
271
65
183
190
289
172
45
221
263
103
74
135
175
133
146
167
246
76
157
210
189
137
39
222
153
38
204
239
243
36
175
288
275
173
134
224
248
176
124
101
224
60
135
222
167
188
89
237
137
116
248
38
281
261
266
89
50
178
49
239
215
65
52
228
154
233
261
77
241
134
157
149
69
134
112
77
107
101
48
286
181
239
75
182
248
229
127
85
297
127
61
275
106
176
290
72
65
88
200
192
232
200
251
45
95
112
244
107
62
206
239
220
34
222
194
83
95
129
284
191
57
147
199
90
169
73
104
41
236
164
283
164
247
187
206
58
260
171
46
53
177
106
156
46
232
121
245
244
227
173
149
81
199
31
227
47
176
61
199
154
171
114
223
194
161
96
65
231
171
200
101
30
122
94
270
135
225
207
290
272
81
233
56
190
213
213
51
35
147
234
247
182
138
117
188
226
143
69
61
294
108
64
155
198
137
239
41
161
266
136
75
198
223
166
80
125
94
109
118
39
76
64
75
138
79
180
218
149
57
188
200
284
87
207
237
175
83
71
166
214
229
81
201
131
69
41
38
53
276
222
227
219
84
150
234
81
138
260
30
261
219
139
88
287
41
264
85
108
108
100
124
276
145
264
102
45
61
187
277
110
299
116
126
228
109
261
39
185
90
204
274
248
47
158
268
140
243
240
299
248
58
133
90
110
177
231
214
118
149
244
185
133
102
168
83
101
270
248
271
102
38
251
107
286
299
104
284
57
154
83
110
119
222
283
179
286
123
248
284
207
203
88
48
182
265
126
44
243
75
120
161
128
170
31
168
41
173
71
65
174
140
123
169
227
244
226
153
299
168
271
68
37
78
195
161
109
86
109
126
201
132
138
79
139
71
284
255
209
33
99
191
255
33
169
101
31
31
152
90
111
80
209
51
274
261
269
136
34
168
261
42
70
278
48
175
182
260
59
254
120
276
209
205
253
154
200
60
184
138
163
182
233
239
246
271
280
204
45
109
112
296
263
199
224
211
65
69
289
39
149
221
157
192
289
159
70
132
203
172
212
180
134
230
200
206
181
291
200
68
129
289
128
63
79
238
96
202
183
121
188
124
271
208
213
224
192
102
213
288
100
293
100
210
168
51
57
206
249
206
60
277
192
256
88
49
55
206
115
300
106
179
201
95
164
87
114
168
222
114
274
89
175
187
51
160
295
257
198
73
61
240
106
128
245
113
115
195
189
117
190
227
108
55
287
239
282
149
182
162
34
193
106
163
281
196
247
299
243
200
168
199
236
140
195
258
104
227
254
169
123
83
72
35
209
143
67
37
62
274
212
210
77
296
239
88
261
162
233
173
289
291
193
183
130
59
98
69
263
94
286
180
33
147
73
263
240
267
224
165
251
157
250
293
149
206
222
177
174
161
83
216
288
264
285
36
138
217
111
105
137
298
188
196
57
126
176
97
109
53
186
219
63
235
45
162
198
144
30
36
285
249
143
198
154
87
196
269
115
266
74
290
279
246
294
221
131
62
272
81
35
47
286
189
207
180
204
107
248
214
42
276
91
290
277
42
42
297
47
166
174
254
77
142
231
229
140
265
183
276
175
272
76
90
160
65
211
213
153
130
160
79
289
49
241
247
196
201
281
185
201
186
100
273
289
45
192
251
62
212
261
258
234
161
237
279
94
107
90
247
254
215
208
141
58
299
189
56
242
174
195
147
155
117
95
95
162
266
157
86
45
233
38
95
65
159
93
224
143
92
221
205
118
148
103
244
233
240
272
165
292
166
113
40
137
60
240
98
58
208
99
221
295
251
143
254
87
193
179
233
148
263
85
201
163
72
119
73
120
221
259
239
280
177
250
147
38
132
33
216
264
232
297
65
287
66
31
130
129
36
227
245
216
192
85
205
194
263
148
162
50
168
84
194
122
138
256
127
150
185
34
91
135
255
161
221
285
152
253
258
203
113
185
47
83
274
291
290
131
122
199
88
269
30
273
49
77
65
102
52
176
102
143
207
127
283
164
135
201
174
227
32
143
237
235
54
145
103
200
39
209
78
169
210
170
35
30
92
114
252
64
277
82
73
142
145
276
146
137
281
76
41
48
110
195
199
61
198
235
81
109
293
136
190
66
191
225
196
155
197
99
35
111
31
72
73
35
272
35
45
80
238
39
140
42
197
231
252
211
55
130
299
252
36
212
136
55
189
285
268
262
180
209
96
191
105
138
177
105
122
87
255
72
286
172
288
173
200
54
69
261
71
39
220
50
216
271
100
97
287
180
156
91
152
85
199
219
155
77
134
146
140
273
129
233
127
259
110
65
71
157
49
182
131
244
251
225
48
207
146
212
171
136
46
212
222
86
242
203
243
220
242
92
247
215
107
258
174
296
190
132
37
222
251
266
107
253
41
135
133
278
60
257
158
216
101
203
163
65
134
223
239
140
269
272
259
31
74
55
109
208
164
81
59
105
189
129
179
77
290
139
53
195
196
69
68
241
32
285
168
233
52
130
116
76
169
223
223
174
215
64
289
97
151
175
225
254
244
229
212
124
162
255
202
46
77
269
261
119
134
168
126
267
279
68
260
145
236
175
97
32
66
124
48
34
239
230
123
284
113
90
171
281
45
283
260
202
227
205
141
99
228
295
166
224
249
30
141
251
60
73
297
231
264
108
45
141
150
113
114
33
74
127
246
138
42
168
237
33
123
210
242
227
100
282
65
159
244
270
57
191
85
168
54
213
224
235
164
62
257
123
111
280
205
77
240
173
217
100
191
80
251
167
246
175
275
131
85
223
184
133
123
131
263
191
257
125
196
93
71
163
37
44
218
242
97
263
105
297
298
298
82
192
266
175
133
131
159
280
222
93
247
61
60
54
89
257
142
231
66
204
155
247
156
89
34
231
185
133
51
70
57
84
107
40
174
197
283
238
213
68
95
230
193
82
78
120
107
222
183
188
119
213
128
79
110
60
291
293
216
140
234
100
205
243
186
193
141
231
247
34
192
118
30
71
290
263
299
295
144
165
122
209
226
152
171
90
201
256
218
47
185
65
222
207
162
221
294
129
44
99
245
146
72
184
131
264
31
257
113
162
76
154
243
243
248
271
196
288
194
199
118
143
278
127
80
137
254
42
247
101
118
235
193
129
102
146
136
226
188
159
39
150
143
61
62
117
87
71
139
105
263
57
37
53
53
64
96
155
116
84
283
187
147
106
222
198
239
262
129
140
283
206
79
104
275
47
139
298
265
43
247
238
244
185
39
226
54
169
251
161
298
191
291
157
61
257
39
106
245
35
172
278
284
272
243
66
123
34
156
151
32
41
142
108
33
249
286
283
294
74
282
46
284
129
242
55
105
299
113
106
153
199
98
253
58
55
157
227
189
153
39
231
83
126
161
262
217
163
190
298
218
158
115
35
163
203
201
87
173
259
46
136
35
60
181
45
65
112
104
296
234
218
105
289
191
295
297
103
70
95
236
105
154
224
163
237
106
215
151
190
277
165
183
261
253
49
221
157
79
55
67
240
133
165
237
57
235
149
196
191
261
47
217
167
278
248
205
180
91
66
34
87
61
300
280
253
42
56
194
133
120
122
264
43
287
100
178
150
159
83
180
201
185
105
261
125
57
47
130
218
35
250
43
152
172
218
85
287
188
144
152
149
155
92
87
170
293
69
238
197
102
216
261
127
263
267
134
64
109
281
148
77
241
257
108
107
125
64
121
152
54
36
273
125
128
298
186
234
218
137
257
156
143
284
115
233
212
276
169
147
127
254
208
177
249
294
109
201
139
254
76
165
265
271
83
131
47
92
145
239
125
290
75
208
148
108
53
159
264
260
71
205
57
87
300
54
258
53
116
44
131
128
136
276
67
297
119
86
203
215
59
277
160
263
114
38
149
88
85
169
265
282
186
59
195
49
177
64
35
192
171
250
266
182
142
291
45
131
175
253
221
186
235
214
148
211
144
124
280
179
284
288
213
273
99
95
97
209
69
137
41
248
91
89
172
246
252
53
217
59
72
277
127
127
172
46
132
285
90
174
182
206
108
168
53
225
192
177
250
290
268
165
240
257
95
248
228
68
205
294
202
183
251
156
213
109
290
48
231
157
166
280
165
225
41
176
272
32
136
254
138
199
149
102
237
179
265
236
158
223
198
75
130
298
111
127
39
218
208
53
108
268
106
163
54
84
188
210
150
298
169
253
113
190
171
263
200
86
216
69
107
40
147
139
240
151
247
116
284
252
186
57
74
64
102
39
74
218
86
270
268
162
209
174
84
115
186
114
240
113
66
165
256
41
165
270
167
288
49
158
80
116
229
67
158
211
190
240
146
135
55
104
176
260
130
239
165
65
155
96
64
