250 8
176
241
39
173
144
65
72
179
263
43
70
200
158
200
263
288
137
247
65
286
187
40
85
157
108
129
79
179
173
112
228
130
56
194
101
263
258
141
112
89
282
236
165
292
60
296
236
160
110
187
272
231
126
82
256
148
269
249
225
85
115
30
92
170
105
234
65
144
290
188
266
291
56
282
230
160
171
123
175
76
273
285
35
192
87
119
221
220
207
182
110
169
127
185
85
298
232
189
134
215
251
159
132
83
281
30
297
92
163
145
55
54
248
120
244
114
253
257
245
243
281
300
36
105
150
161
112
62
171
300
139
243
143
251
154
161
242
240
105
109
117
143
150
179
150
223
57
107
90
208
139
260
294
123
54
200
127
170
201
164
258
225
169
226
284
215
50
46
201
66
241
63
52
181
202
260
151
147
211
99
49
30
148
246
98
299
59
90
38
111
277
273
102
100
170
36
233
262
92
83
69
97
261
129
91
87
246
238
96
175
208
239
276
178
170
161
218
240
227
141
238
76
40
222
275
171
278
260
233
271
204
187
259
58
98
284
281
239
48
153
139
68
278
208
272
271
248
272
169
71
