3000 8
236
89
97
134
189
57
114
256
98
244
140
161
81
283
252
89
206
125
240
162
277
250
75
274
42
109
169
155
42
225
69
293
178
239
50
139
118
295
188
243
110
261
41
216
204
88
35
206
218
202
97
252
280
128
232
275
204
247
67
162
94
205
212
270
81
133
201
65
86
104
39
90
159
81
259
79
168
166
63
150
288
84
271
157
271
84
142
200
223
259
74
260
165
285
90
203
94
143
81
74
213
260
41
266
253
211
182
149
56
163
89
245
266
55
30
72
129
88
281
199
220
218
253
151
211
273
50
157
31
292
195
200
110
170
205
224
105
276
251
52
274
149
217
259
202
230
148
33
127
212
265
63
296
273
39
112
77
33
247
32
111
262
140
237
64
116
35
213
46
151
88
96
38
243
293
92
128
250
200
249
55
239
209
137
104
238
188
116
177
85
89
95
194
186
189
139
87
31
234
228
298
133
255
41
109
54
162
218
289
34
280
108
106
87
113
283
138
82
52
68
286
115
90
87
44
81
150
183
291
148
128
92
32
78
205
158
257
183
169
185
60
272
44
241
284
230
86
193
262
218
133
38
78
256
299
297
50
53
283
268
204
113
250
205
213
288
122
250
298
248
255
119
155
204
83
269
151
105
199
247
271
288
163
268
74
252
105
281
50
189
132
205
239
49
281
31
279
246
96
88
203
109
208
275
191
38
261
140
41
151
160
279
33
175
150
121
241
54
112
251
270
118
49
200
45
290
181
135
163
267
264
172
271
53
200
157
172
245
80
161
150
202
260
141
193
291
280
246
192
46
248
300
199
242
103
151
158
126
131
31
40
227
247
142
263
276
272
147
267
107
139
118
262
65
157
83
119
144
173
130
262
230
38
74
229
145
101
209
135
219
79
183
218
74
240
135
196
191
194
229
136
66
284
54
272
229
187
145
108
214
266
124
158
263
182
195
85
211
150
36
262
102
159
215
31
30
49
167
103
188
138
193
191
186
189
202
140
258
188
274
153
159
125
173
89
32
266
219
49
146
148
201
286
266
145
274
196
272
97
246
247
135
300
82
268
138
179
36
145
205
166
50
279
155
191
235
252
127
149
258
71
121
80
120
61
287
209
212
87
189
236
274
119
78
228
262
106
289
278
97
108
48
34
30
126
111
239
49
86
230
99
210
266
110
169
287
258
242
210
162
237
298
260
77
95
120
256
63
253
194
194
224
169
166
243
41
285
41
216
229
188
269
108
223
170
52
166
265
167
172
242
164
180
231
131
103
99
52
38
78
85
172
63
206
204
240
67
285
81
65
232
219
219
182
255
54
139
292
181
81
289
182
264
173
106
142
155
98
87
262
181
300
133
239
40
218
258
297
38
253
139
99
62
82
292
171
71
207
62
61
41
131
183
116
147
128
138
71
247
217
277
226
190
147
155
95
76
121
93
103
193
82
176
190
62
199
168
92
244
260
246
88
235
261
75
105
264
217
294
46
78
175
210
238
156
199
166
162
253
183
254
104
95
227
121
134
172
230
239
257
80
224
77
99
205
178
65
251
75
187
173
80
171
223
46
212
263
54
95
40
277
236
98
38
132
103
92
61
163
67
98
57
197
112
205
58
110
58
164
52
84
242
275
126
202
182
66
161
200
205
253
272
261
188
187
216
295
131
48
213
203
166
42
87
67
261
191
88
262
300
214
116
295
134
62
269
191
292
108
175
236
167
77
170
240
296
72
96
171
199
143
82
258
234
224
165
103
37
241
84
238
155
156
290
273
242
102
47
228
137
204
120
124
245
247
156
31
234
91
61
92
68
68
143
147
142
76
156
152
221
245
56
66
53
140
110
286
90
174
93
45
228
73
232
144
204
176
167
159
155
158
49
283
163
91
133
123
172
293
137
40
117
65
260
122
33
167
255
88
205
204
97
257
64
211
257
244
164
105
114
97
106
249
49
244
177
277
155
299
55
215
103
67
298
300
241
127
181
283
135
100
61
217
250
254
293
194
62
170
294
81
257
77
124
188
242
230
128
238
255
273
170
295
238
108
43
230
183
262
285
128
293
165
242
206
293
227
275
122
104
280
195
265
261
163
117
48
117
118
66
208
291
146
131
263
139
130
153
191
95
40
122
203
282
42
197
32
134
170
76
66
41
228
213
263
89
225
299
178
258
169
89
159
215
264
138
224
77
117
55
44
168
300
64
226
101
80
149
50
123
104
171
227
190
139
204
287
274
235
207
121
56
167
104
187
252
181
148
295
247
182
200
274
58
229
235
53
257
262
117
193
126
107
200
88
295
199
184
133
108
146
161
191
183
298
131
192
77
115
54
241
180
119
153
42
163
83
197
90
290
163
105
60
89
192
174
157
90
165
115
90
120
92
260
85
196
112
42
56
254
91
47
267
281
287
177
300
48
215
257
201
83
30
79
270
135
255
63
239
207
140
269
210
195
220
71
275
177
77
87
186
178
261
83
225
39
170
201
158
177
83
168
84
279
159
173
188
290
278
73
165
95
143
300
65
290
186
180
252
49
86
30
248
193
104
78
266
162
105
202
141
177
254
110
81
134
198
272
92
249
295
46
293
40
228
293
269
31
238
151
207
231
106
83
209
155
108
217
145
294
89
63
101
61
249
147
57
162
139
227
165
167
299
182
258
48
281
49
57
180
151
159
217
113
249
95
232
193
218
114
148
150
266
247
45
61
135
106
275
70
285
211
73
144
235
92
141
248
35
61
32
167
241
74
144
141
193
290
299
188
110
216
232
124
266
143
50
161
200
229
156
89
140
75
31
110
288
300
88
208
164
272
245
158
94
38
108
59
176
95
114
254
228
205
137
141
236
259
30
191
99
121
263
283
179
264
127
184
293
149
73
93
164
62
103
285
37
247
298
187
141
179
195
104
255
80
172
255
174
73
131
90
76
110
112
122
79
100
236
49
290
275
181
180
100
198
115
132
286
56
63
281
144
240
233
280
186
129
70
78
64
209
263
72
179
243
177
70
71
181
31
206
273
234
251
269
93
262
290
299
86
262
46
160
43
282
185
79
297
179
177
164
101
71
153
272
59
183
162
185
233
273
151
55
87
63
44
156
201
149
282
258
229
64
158
193
298
62
179
41
163
152
278
252
85
80
138
243
225
282
104
251
62
245
260
292
205
175
217
39
127
270
261
207
56
59
228
167
175
286
275
227
164
92
141
234
241
43
147
177
175
123
53
127
260
98
83
184
134
228
256
97
274
106
261
46
167
283
215
165
160
234
97
209
224
142
284
264
125
33
66
147
195
189
79
260
68
215
203
83
190
86
54
52
265
191
299
76
219
157
44
161
298
219
192
97
205
44
182
75
233
111
205
79
52
237
299
84
264
102
121
88
195
141
145
101
41
286
277
73
108
155
110
69
238
215
37
60
57
81
202
173
161
71
51
263
172
230
144
173
229
69
81
299
106
53
53
241
61
105
227
283
87
155
116
180
250
254
269
48
41
83
293
119
243
151
168
228
286
67
142
77
279
202
204
195
272
155
268
178
84
210
274
296
202
168
43
119
88
248
278
107
172
290
261
298
239
293
148
211
196
161
48
42
32
250
293
80
233
231
72
251
142
290
202
52
135
133
292
156
201
94
272
185
207
220
287
221
88
255
282
119
246
212
273
164
241
105
94
101
114
246
162
203
250
283
247
258
111
155
62
70
256
66
148
255
144
115
265
50
295
288
106
95
202
123
93
89
200
84
289
93
203
288
138
296
99
184
221
222
252
111
72
63
297
212
238
146
87
272
249
86
99
100
211
65
282
279
119
249
168
221
127
207
160
266
170
50
125
190
56
126
261
157
106
119
94
140
249
32
32
94
140
268
156
81
201
69
88
53
131
150
252
35
147
159
296
53
37
173
40
145
228
33
122
102
171
46
232
260
252
41
259
289
238
202
173
34
129
231
161
62
58
49
198
276
189
260
111
43
253
157
60
290
199
168
125
104
235
44
128
192
258
78
53
33
177
217
166
110
46
136
43
130
198
48
124
86
202
129
104
194
186
31
69
232
211
92
151
40
118
140
84
259
100
108
45
294
93
227
149
76
221
272
111
207
183
246
207
44
34
201
253
137
215
297
225
196
254
297
182
147
129
95
286
295
258
135
286
113
213
120
168
217
230
107
58
284
234
65
56
254
72
80
258
152
98
36
248
147
138
54
123
266
119
76
130
285
243
122
244
215
95
137
51
241
34
171
189
247
176
149
174
145
291
292
40
51
111
269
165
48
84
220
188
51
237
36
102
150
268
84
147
105
62
110
49
89
82
204
218
105
149
196
265
265
243
224
261
164
218
109
96
127
152
235
94
132
123
59
230
276
58
292
74
281
109
133
60
274
54
215
90
252
119
294
123
281
177
88
40
38
186
125
214
254
72
135
231
293
215
136
264
258
112
184
299
38
207
106
285
293
71
253
74
197
137
109
175
268
274
203
174
80
158
244
97
40
62
232
31
246
230
199
99
294
206
194
278
256
146
113
229
286
258
109
129
201
147
149
38
163
300
294
298
161
133
251
221
245
217
32
300
106
275
149
252
172
154
41
240
234
264
38
76
148
144
74
239
114
180
290
273
91
63
58
281
84
246
250
120
142
43
239
271
41
277
222
251
57
173
86
132
265
170
145
106
214
78
143
270
225
224
52
88
186
118
118
220
242
227
93
260
40
170
265
123
134
116
214
281
201
96
118
102
191
87
116
189
133
135
51
205
297
53
40
115
145
183
178
200
239
178
272
158
73
190
87
118
82
79
171
260
281
50
295
83
90
273
106
241
44
50
254
136
223
282
182
294
172
249
100
72
75
219
169
220
151
287
46
252
292
212
132
273
272
91
41
154
258
60
102
74
101
90
59
182
225
63
110
170
181
144
136
286
169
117
52
278
280
202
84
229
260
165
31
122
87
197
281
198
45
30
241
260
97
290
91
50
223
96
77
231
200
100
158
205
199
208
258
214
124
109
223
36
221
73
255
31
261
188
257
146
190
226
273
290
166
271
126
259
101
192
294
164
186
75
98
80
284
180
282
131
152
77
266
163
230
119
73
199
56
256
251
65
42
132
157
283
215
90
288
236
277
91
52
149
220
48
169
230
114
259
40
288
151
243
254
200
68
103
72
99
292
31
115
141
208
34
181
200
68
180
204
279
34
33
155
246
241
252
132
219
59
259
30
230
294
258
78
130
261
127
250
74
63
126
155
239
132
299
249
260
278
154
120
135
75
163
30
174
94
150
239
117
49
68
75
132
105
269
239
179
78
250
92
47
62
280
81
207
235
38
253
219
140
46
274
293
231
99
150
119
279
235
173
41
112
265
272
108
39
79
201
35
171
192
57
61
164
167
271
77
117
289
168
87
57
186
62
109
145
97
72
46
216
250
268
79
116
33
176
197
299
72
163
120
102
294
183
32
128
269
210
58
236
156
214
40
90
274
52
259
219
220
178
278
51
40
226
85
146
201
84
163
183
157
294
253
236
122
141
208
137
94
85
218
215
207
217
121
193
284
177
77
227
238
137
207
220
192
167
101
79
45
281
243
113
31
226
65
171
229
172
93
160
157
284
176
202
230
116
47
249
227
118
78
54
196
264
139
247
296
84
56
227
149
37
193
91
300
186
209
194
148
113
55
238
113
133
72
281
212
47
151
106
53
232
254
129
47
223
51
160
186
74
200
147
129
259
188
120
275
136
271
106
111
160
236
230
287
200
44
235
174
282
248
220
241
94
208
239
234
276
267
127
259
196
101
161
77
86
251
225
174
67
172
255
134
209
52
80
287
53
55
67
298
147
171
66
65
251
225
93
170
176
248
114
121
235
41
61
99
296
41
262
32
158
239
260
31
156
270
237
123
32
112
126
250
206
79
66
211
152
105
42
285
106
147
242
67
288
70
158
158
93
147
101
136
175
134
246
289
30
89
192
155
56
107
113
44
39
60
61
67
123
56
245
268
94
143
117
199
255
148
242
117
193
106
201
35
99
204
276
62
152
86
184
92
207
123
263
35
229
182
153
40
182
112
43
69
172
271
55
193
287
58
140
207
284
57
222
246
187
292
281
296
235
86
37
136
154
157
282
143
246
57
55
208
34
208
61
57
219
192
118
194
267
129
269
118
277
145
247
88
76
271
134
287
205
195
47
117
190
44
235
174
231
276
116
120
296
134
158
78
292
101
166
249
196
31
203
95
33
110
118
141
140
299
246
297
215
61
285
288
204
271
140
193
248
63
132
145
202
231
129
46
287
84
208
281
259
87
211
111
84
149
174
131
62
280
250
95
102
295
237
175
187
267
279
287
150
284
140
40
73
72
163
184
48
231
257
224
132
46
213
39
38
171
232
159
159
122
162
187
64
81
238
173
277
228
89
258
229
137
43
250
213
39
221
111
265
173
125
249
186
223
162
161
31
197
119
281
191
279
278
176
204
108
75
276
89
290
96
269
273
200
273
227
210
245
131
287
40
189
270
142
99
177
194
258
155
80
169
281
131
263
214
159
156
44
127
268
208
296
80
135
293
199
65
210
230
194
202
77
149
130
46
287
179
117
105
298
52
279
110
295
96
243
240
108
204
269
204
136
63
288
203
252
176
152
59
52
127
193
293
44
80
156
210
215
188
109
253
127
283
94
169
210
147
187
53
231
41
241
152
133
96
250
87
40
246
262
152
64
199
85
170
98
85
103
244
160
278
289
33
168
217
113
230
146
171
248
126
47
285
32
167
147
187
124
256
205
106
224
97
190
99
285
90
230
165
123
82
31
111
235
168
94
77
253
79
45
83
195
108
97
229
243
35
