300 4
261
103
127
184
160
292
212
136
147
286
251
190
224
196
92
83
78
190
180
107
245
250
150
39
127
119
289
133
270
87
294
30
34
113
291
232
207
151
115
232
53
216
213
295
280
34
246
56
208
277
108
79
230
195
210
263
138
171
178
245
208
180
228
122
234
91
250
78
114
203
172
200
103
249
230
213
259
210
42
133
141
149
166
149
182
122
279
208
77
185
128
85
116
142
82
252
123
162
117
56
137
296
203
41
44
63
163
141
223
216
264
293
258
244
95
165
68
212
147
159
162
192
101
207
151
275
104
250
207
262
50
43
121
122
118
68
293
87
286
183
216
131
35
68
150
298
91
168
131
71
41
35
129
287
177
287
213
171
123
113
197
246
90
69
86
275
122
184
200
112
65
171
298
244
200
218
99
192
281
261
261
146
258
148
73
165
73
206
49
53
293
216
186
295
290
248
119
123
237
260
180
104
291
285
83
84
76
102
120
126
159
258
239
188
150
183
152
211
178
41
183
63
191
286
109
49
287
89
110
78
295
231
119
34
148
187
277
78
73
99
202
65
269
122
42
230
131
217
296
173
255
68
258
235
225
196
276
227
191
222
283
272
270
77
223
287
163
164
235
224
223
223
51
141
66
252
152
269
266
50
190
90
243
171
122
119
141
108
202
77
30
67
138
246
39
64
242
160
185
146
